00 02 b3 9c ae ba 00 02 b3 9c df 1b 00 03 f0 f0 7f 00 00 00 00 00 00 00 00 00 00 00 00 00 00 00 00 00 00 00 00 00 00 00 00 00 00 00 00 00 00 00 00 00 00 00 00 00 00 00 00 00 00 00 43 05 90 6d
00 02 b3 9c df 1b 00 02 b3 9c ae ba 00 03 f0 f1 73 00 00 00 00 00 00 00 00 00 00 00 00 00 00 00 00 00 00 00 00 00 00 00 00 00 00 00 00 00 00 00 00 00 00 00 00 00 00 00 00 00 00 00 00 54 90 6d
00 02 b3 9c ae ba 00 02 b3 9c df 1b 00 04 f0 f0 01 01 00 00 00 00 00 00 00 00 00 00 00 00 00 00 00 00 00 00 00 00 00 00 00 00 00 00 00 00 00 00 00 00 00 00 00 00 00 00 00 00 00 00 41 a3 90 6d 
00 02 b3 9c df 1b 00 02 b3 9c ae ba 00 04 f0 f1 01 01 00 00 00 00 00 00 00 00 00 00 00 00 00 00 00 00 00 00 00 00 00 00 00 00 00 00 00 00 00 00 00 00 00 00 00 00 00 00 00 00 00 00 00 f2 90 6d 
00 02 b3 9c ae ba 00 02 b3 9c df 1b 00 12 f0 f0 00 01 0e 00 ff ef 19 8f bc 05 7f 00 23 00 7f 23 00 00 00 00 00 00 00 00 00 00 00 00 00 00 00 00 00 00 00 00 00 00 00 00 00 00 00 00 00 41 91 6d 
00 02 b3 9c df 1b 00 02 b3 9c ae ba 00 12 f0 f0 00 03 0e 00 ff ef 17 81 bc 05 23 00 7f 00 23 7f 00 00 00 00 00 00 00 00 00 00 00 00 00 00 00 00 00 00 00 00 00 00 00 00 00 00 00 00 00 90 91 6d 
00 02 b3 9c df 1b 00 02 b3 9c ae ba 00 04 f0 f1 01 03 00 00 00 00 00 00 00 00 00 00 00 00 00 00 00 00 00 00 00 00 00 00 00 00 00 00 00 00 00 00 00 00 00 00 00 00 00 00 00 00 00 00 00 df 91 6d 
00 02 b3 9c ae ba 00 02 b3 9c df 1b 00 04 f0 f1 01 03 00 00 00 00 00 00 00 00 00 00 00 00 00 00 00 00 00 00 00 00 00 00 00 00 00 00 00 00 00 00 00 00 00 00 00 00 00 00 00 00 00 00 18 ac 92 6d 
00 02 b3 9c ae ba 00 02 b3 9c df 1b 00 ac f0 f0 02 02 0e 00 ff ef 16 04 00 00 00 00 28 00 7f 23 ff 53 4d 42 72 00 00 00 00 00 00 00 00 00 00 00 00 00 00 00 00 00 00 00 00 00 00 00 00 00 82 09 00 77 00 02 50 43 20 4e 45 54 57 4f 52 4b 20 50 52 4f 47 52 41 4d 20 31 2e 30 00 02 4d 49 43 52 4f 53 4f 46 54 20 4e 45 54 57 4f 52 4b 53 20 33 2e 30 00 02 44 4f 53 20 4c 4d 31 2e 32 58 30 30 32 00 02 44 4f 53 20 4c 41 4e 4d 41 4e 32 2e 31 00 02 57 69 6e 64 6f 77 73 20 66 6f 72 20 57 6f 72 6b 67 72 6f 75 70 73 20 33 2e 31 61 00 02 4e 54 20 4c 4d 20 30 2e 31 32 00 00 fb 92 6d 86 df 
00 02 b3 9c df 1b 00 02 b3 9c ae ba 00 04 f0 f1 01 04 00 00 00 00 00 00 00 00 00 00 00 00 00 00 00 00 00 00 00 00 00 00 00 00 00 00 00 00 00 00 00 00 00 00 00 00 00 00 00 00 00 00 00 7b 93 6d
 00 02 b3 9c df 1b 00 02 b3 9c ae ba 00 5f f0 f0 02 04 0e 00 ff ef 16 0c 00 00 28 00 28 00 23 7f ff 53 4d 42 72 00 00 00 00 80 00 00 00 00 00 00 00 00 00 00 00 00 00 00 00 00 00 00 00 00 82 09 11 05 00 02 02 00 01 00 68 0b 00 00 00 00 01 00 7f 07 00 80 03 02 00 00 00 e5 fe 29 25 7c c2 01 2c 01 08 08 00 7f 07 00 80 32 3e b9 3d 00 ca 93 
00 02 b3 9c ae ba 00 02 b3 9c df 1b 00 04 f0 f1 01 04 00 00 00 00 00 00 00 00 00 00 00 00 00 00 00 00 00 00 00 00 00 00 00 00 00 00 00 00 00 00 00 00 00 00 00 00 00 00 00 00 00 00 00 7c 94 6d 
00 02 b3 9c ae ba 00 02 b3 9c df 1b 00 91 f0 f0 04 04 0e 00 ff ef 16 0c 00 00 28 00 28 00 7f 23 ff 53 4d 42 73 00 00 00 00 10 00 00 00 00 00 00 00 00 00 00 00 00 00 00 00 00 00 00 00 00 82 09 0d 75 00 5d 00 68 0b 02 00 00 00 7f 07 00 80 00 00 00 00 00 00 00 00 01 00 00 00 20 00 00 00 45 53 43 4f 4d 00 57 69 6e 64 6f 77 73 20 34 2e 30 00 57 69 6e 64 6f 77 73 20 34 2e 30 00 04 ff 00 00 00 02 00 02 00 17 00 20 00 5c 5c 50 52 4f 47 59 44 45 53 41 5c 49 50 43 24 00 49 50 43 00 00 
00 02 b3 9c df 1b 00 02 b3 9c ae ba 00 04 f0 f1 01 06 00 00 00 00 00 00 00 00 00 00 00 00 00 00 00 00 00 00 00 00 00 00 00 00 00 00 00 00 00 00 00 00 00 00 00 00 00 00 00 00 00 00 00 32 95 6d 
00 02 b3 9c df 1b 00 02 b3 9c ae ba 00 46 f0 f0 04 06 0e 00 ff ef 16 0c 00 00 28 00 28 00 23 7f ff 53 4d 42 73 00 00 00 00 90 00 00 00 00 00 00 00 00 00 00 00 00 00 00 03 c0 00 00 00 00 82 09 03 75 00 29 00 00 00 00 00 02 ff 00 00 00 04 00 49 50 43 00 00 81 95 6d 86 cb 94 6d 86 0d 09 0e
